   1.000    1.000    90.017916
   1.000    5.286    90.046397
   1.000    9.572    90.027358
   1.000   13.859    90.016604
   1.000   18.145    90.042689
   7.269    1.000    90.170805
   7.269    5.286    90.169268
   7.269    9.572    90.154071
   7.269   13.859    90.177319
   7.269   18.145    90.159083
  13.537    1.000    90.026419
  13.537    5.286    90.051586
  13.537    9.572    90.033795
  13.537   13.859    90.026022
  13.537   18.145    90.047586
  19.806    1.000    89.990407
  19.806    5.286    90.040412
  19.806    9.572    90.015893
  19.806   13.859    89.985264
  19.806   18.145    90.036746
  26.075    1.000    90.037493
  26.075    5.286    90.058122
  26.075    9.572    90.041122
  26.075   13.859    90.038291
  26.075   18.145    90.053878
